日付,タイトル,URL
2025-10-13,自民税調会長 公明離脱で前途多難,https://news.yahoo.co.jp/pickup/6555365?source=rss
2025-10-13,島民不安 八丈島に迫る台風の脅威,https://news.yahoo.co.jp/pickup/6555375?source=rss
2025-10-13,83歳死亡 23歳女は包丁2本使用か,https://news.yahoo.co.jp/pickup/6555369?source=rss
2025-10-13,万博ロス 12日も遅くまで残る人々,https://news.yahoo.co.jp/pickup/6555376?source=rss
2025-10-13,セルフレジ 行きつけ失う高齢者,https://news.yahoo.co.jp/pickup/6555372?source=rss
2025-10-13,阿部監督「野球って恐ろしいな」,https://news.yahoo.co.jp/pickup/6555367?source=rss
2025-10-13,桑田佳祐公演に桜井和寿 どよめき,https://news.yahoo.co.jp/pickup/6555373?source=rss
2025-10-13,昨年のけが 片岡愛之助あわや即死,https://news.yahoo.co.jp/pickup/6555360?source=rss
